# a
p = [0.4, 0.6; 0.6, 0.4];
p^3

# b

sol = [1 -1; 1 1]\[0; 1]

# A = [P'-eye(3);1 1 1] b = [0, 0, 0, 1]